000222_Gaia23age = ASASSN-13cx     
N = 5
E              HJD   
0,         6901.6982
9108,   7627.1515
11604, 7825.9581
17882, 8326.0018
18416, 8368.5356
-------------------------
002609_Gaia20bij   
N = 12
E            HJD 
0,       6975.8751 
565,   7132.6155 
3295, 7890.0241 
4055, 8100.8758 
4743, 8291.7554 
5231, 8427.1497
5252, 8432.9770
5487, 8498.1632
7422, 9035.0267
8044, 9207.5933
8401, 9306.6237
8653, 9376.5494
-------------------------------
003717_Gaia19bfh  
N = 11
E            HJD
0,       7297.3047
1240, 7606.5748
4282, 8365.2872
5407, 8645.8751
5515, 8672.8018
6251, 8856.3785
7473, 9161.1490
7474, 9161.3990
7475, 9161.6494
7476, 9161.9000
7477, 9162.1500
---------------------------------


004608_Gaia20ecl   =   ASASSN-18aan  
N = 19  
0,  7727.2825 
97,  7741.7851 
346,  7778.9929 
1870,  8006.7435 
2221,  8059.1946 
3248.5, 8212.7558 
3249,  8212.8298 
5777,  8590.6289 
6626, 8717.5007 
9281,  9114.2863 
10275.5, 9262.8916 
10673,  9322.3042 
11028,  9375.3671 
14216,   9851.791 
14602,  9909.479 
15642, 10064.8968 
15642.5, 10064.9708 
15763,  10082.9792 
17115, 10285.0185
---------------------------------
005347_Gaia17bjn 
N = 6
0, 7049.057 
1179, 7357.482 
2772, 7774.234 
3652, 8004.433 
5645, 8525.813 
7582, 9032.532
---------------------------------
011113_Gaia20ane  =  ASASSN-15sy          
N = 7                         
0, 8551.204 
34, 8556.7072 
36, 8557.0314 
5902, 9505.8569 
9845.5, 10143.721  
10167, 10195.7106 
10170.5, 10196.2849  
--------------------------------
012152_21fbh    =   ASASSN-18yi       
N = 8  
0, 7040.5034 
1717, 7329.3454 
3039, 7551.7402 
7123.5, 8238.8568 
10709, 8842.0455 
10905.5, 8875.1041 
10906, 8875.1781 
14173.5, 9424.8506
---------------------------------------
020401_Gaia17aru
N = 6
0, 7452.664
1309, 7578.592
6771, 8104.044
6875, 8114.048
15420, 8936.091
22681, 9634.603
---------------------------------------------
020500_Gaia18cnp    = ASASSN-14gl  
N = 6   
0, 7026.141 
122, 7046.563 
9254, 8575.112 
9257, 8575.612 
9259.5, 8576.039
9260, 8576.113
----------------------------------------
022541_Gaia22dap   
N =   8
0, 7308.0709 
4910, 8770.2712 
5427, 8924.2589 
6390.5, 9211.1631
6440, 9225.9155  
7712, 9604.7033 
8419.5,  9815.412
8907.5, 9960.7483
-----------------------------------------
023518_Gaia19bcd     -   KW And  
N = 8
0,           26.636
2027,   580.416
2933,   827.941
3961, 1108.795
3963, 1109.296
4305, 1202.738
4972, 1384.984
6692, 1854.864
------------------------------------------
024040_Gaia22eit
N = 12   
-739.5, 7131.601 
0, 7309.248 
1553, 7682.36 
3321, 8107.128 
3353, 8114.807 
4931, 8493.919 
6417, 8850.943 
8127.5, 9261.881 
8636, 9384.044 
9017, 9475.586 
9907, 9689.412 
11039.5, 9961.499
-------------------------------------------
024234_Gaia20dsw     -  AY For  
N = 12
0,  2577.4376
15642,    3744.5613
15643,    3744.636
15644,    3744.7105
15656,    3745.6067
15657,     3745.6813 
82589,     8739.802
83375,     8798.449
83376,      8798.523
83433,      8802.776
86721,      9048.109
86722,      9048.183
-------------------------------------------
032815_Gaia19bbb  = AT 2019cbz   
N = 9
0, 7673.784 
0.5, 7673.858 
77, 7686.612 
78, 7686.789 
643.5, 7781.161
644, 7781.235 
1683.5, 7954.683
1684, 7954.757 
2274, 8053.205
-----------------------------------
040714_Gaia20ein    =    LT Eri   
N = 12  
0,   2949.1504
4129,   3651.9179                   
6543,   4062.7894              
9139,    4504.6433                
9274,     4527.6243                 
10504,    4736.9662                 
10715,    4772.8829                    
10891,     4802.8348                         
12607,     5094.9058                       
15426,     5574.7105                      
19205,      6217.9126                      
34679,    8851.649
----------------------------------------------
040959_Gaia19ery
N = 11 
0,           7979.928 
163.5,    8064.209 
393.5,    8182.832 
453,       8213.493 
548.5,    8262.727 
549,       8262.977 
1869,     8943.612 
1953.5,  8987.22 
2099,     9062.225 
2494,     9265.883 
2710,     9377.279
-----------------------------------
042039_Gaia17anx = ASASSN-14ka       
N = 6
0, 6886.984
1, 6887.161
499, 6975.3854
3642, 7532.197
3996,7594.918
4177, 7626.981
-------------------------------------------
044639_Gaia19auk   =   ASASSN-15pw   
N = 7
0, 7316.589
2210, 7721.865
8052, 8793.1726
10682, 9275.469
11023, 9337.9948
14285, 9936.1873
16342, 10313.4092
-----------------------------------
045832_Gaia18dqe
N = 7
0, 7029.0068
2595, 7336.8173
2989, 7383.5517
7952, 7972.248
14915, 8798.1771
18960, 9277.9818
27734, 10318.7345
-----------------------------------
051704_Gaia21apj = ASASSN-18abu 
N = 7   
0, 7165.98
7703, 8571.9805
11077, 9187.836
11711, 9303.5534
11997, 9355.7559
12255, 9402.866
13155, 9567.1364
------------------------------------
052209_Gaia21cmv
N = 7
0, 5913.4377
20082, 7162.406 
24570,  7441.531 
38270,  8293.582 
54493,   9302.547 
57002,   9458.59
64029,   9895.625  
----------------------------------
060426_Gaia22ddq  
N = 14   
0, 7330.299 
402.5, 7479.02 
1203, 7774.853 
1221.5, 7781.681 
1429, 7858.366 
1997, 8068.27 
2259.5, 8165.285 
2260, 8165.461 
2819, 8372.027 
4411, 8960.332 
4740.5, 9082.099 
4741, 9082.275 
5466, 9350.191
6367.5, 9683.356
-----------------------------------
062724_Gaia18atj
N = 12
0,      7299.605 
1298,   7863.634
1980,   8159.979 
2178,   8245.998 
2179,   8246.425 
2190, 8251.177  
2191, 8251.677
2417, 8349.829 
3693, 8904.269 
3810, 8955.095 
4215.5, 9131.315
4518, 9262.771
----------------------------------
063304_Gaia17ber
N = 5 
0, 7702.5851
1803, 7828.1502
4654, 8026.6994
7731, 8240.9898
25950, 9509.7979
----------------------------------
064127_Gaia21bge 
N = 6  
0 8718.4763
236 8735.4953
699 8768.8852
3294 8956.0221
7558 9263.5191
10526 9477.5529
----------------------------------
070017_Gaia19ajr  
N =  8
0, 7617.9067 
1, 7617.9807 
544, 7657.9386 
14712, 8700.5607 
26653, 9579.3006 
33186, 10060.0613 
34761, 10175.9667 
34762,  10176.0407 
------------------------------------
070101_Gaia20edh
N = 16
 0,       7131.735 
498,    7298.786 
965.5,   7455.623 
1119.5, 7507.281 
3915,    8445.047 
3917,    8445.723 
3907.5, 8442.545 
3910.5, 8443.546 
3913.5, 8444.546 
3915.5, 8445.223 
3916.5, 8445.547 
3918.5, 8446.223 
4217.5, 8546.524 
4735.5,  8720.303 
6361,    9265.592 
6399,    9278.347
----------------------------------
070816_Gaia19aoo   =  ASASSN-16an  
N = 15
0,   7095.987 
1167, 7279.377 
1507, 7332.79 
2420, 7476.278 
3558, 7655.1 
4650, 7826.712 
4993, 7880.617 
5637, 7981.812 
7043, 8202.76 
8569, 8442.561 
12670, 9087.026 
13330, 9190.744 
13758, 9257.998 
13760, 9258.322 
15055, 9461.819
--------------------------------
071043_Gaia18dmg
N = 10  
0,       7099.249  
3048.5, 8256.997
3560, 8451.231 
4809.5,   8925.786
5462, 9173.548 
5485, 9182.304 
5703, 9265.086 
5933, 9352.459 
5957, 9361.537 
6216.5,   9460.13
--------------------------------
071610_Gaia18dqz   
N = 6
0, 7653.666 
2236, 7857.955 
7693, 8356.520 
15694, 9087.518 
18704, 9362.534 
18706, 9362.710
----------------------------------
072134_Gaia21bct   
N = 6
0, 7331.8592
13700, 8356.8482
16109, 8537.0811
18624, 8725.2473
18635, 8726.0719
32148, 9737.0705
----------------------------------
072219_Gaia19dvg   
N = 9  
0,        6987.247 
3436, 7696.552 
4264, 7867.482 
5251,  8071.229 
6185,  8264.029 
6592,    8348.055 
9729 ,   8995.63 
9735  ,  8996.881 
11055 , 9269.368
-----------------------------------
072320_Gaia20eac
N = 11
0,    8205.515 
763,  8440.303 
1386,  8632.036 
1681,  8722.815 
1684 , 8723.742 
3188,  9186.558 
3447 , 9266.259 
4653,  9637.3765 
4964,  9733.0714 
4967, 9733.9980
4968, 9734.3222
---------------------------------------
073424_Gaia22cnl     
N = 5 
0, 7748.3426
9174, 9211.2385
10939, 9492.6834
11691, 9612.599
14674,10088.2713
-----------------------------------
074108_Gaia21fpm  
N = 12
0, 7333.358 
404, 7453.031 
729, 7549.297 
749, 7555.226 
3123, 8258.488 
4211, 8580.806 
5931, 9090.351
6205, 9171.483 
7365, 9515.12
7494, 9553.353 
7774, 9636.295 
8458, 9838.935
----------------------------------
075256_Gaia 20beu 
N = 9
0, 7089.4682
2487, 7619.2388
3113, 7752.5752
3228, 7777.0786
3983, 7937.8891
7129, 8608.0225
7253, 8634.4403
7549, 8697.4914
12923, 9842.205
--------------------------------
075747_Gaia20cnu  
N = 11
0, 7383.346 
1327,  7710.656 
2851.5,  8086.689 
3551, 8259.235 
3986, 8366.537 
3987, 8366.787 
4279, 8438.811 
4987,  8613.458 
6206.5,  8914.261 
7340.5,  9193.988 
7953.5,   9345.207
-------------------------------------
080408_Gaia23bvc = ZTF18aabnrpx       
N = 8
0, 7174.271 
2930, 7833.973 
4025, 8080.501 
6491, 8635.722 
7756, 8920.532 
8936, 9186.224 
9667, 9350.792 
10177,  9465.628
--------------------------------------
081928_Gaia21bbg 
N = 11
0, 7058.284 
982, 7156.175 
1662, 7223.956
8859, 7941.384 
11393, 8193.98 
13039, 8358.063 
15188, 8572.276 
15819, 8635.179 
18253, 8877.812
25661, 9616.271 
27323, 9781.942
---------------------------------------
082000_Gaia19car = ASASSN-17as   
N = 7
0,   7614.915 
1541, 7883.18 
1854, 7937.646 
2423,  8036.708 
3375,   8202.421 
5189,   8518.228 
7166,   8862.366
---------------------------------
083959_Gaia18dgt
N = 6 
0, 7209.3339
5369, 7636.7969
5756, 7667.6114
9308, 7950.4098
11458, 8121.5853
16182, 8497.6975
--------------------------------
085118_Gaia19fkr 
N =  6
0, 7718.1578
8256, 8998.5721
11641, 9523.5522
13072, 9745.4841
14432, 9956.4058
14714, 10000.1401
----------------------------------
085439_Gaia19dhr 
N = 12
0, 7563.974 
4473, 8203.166 
6638,  8512.543 
6641, 8512.969 
6736, 8526.551 
6739, 8526.977 
9163,  8873.371 
9840,  8970.109 
10034,  8997.828 
11764, 9245.043 
11855,  9258.05 
12231,  9311.788
-----------------------------------------
090557_Gaia19brc
N =13 
0, 7159.938 
818.5, 7302.325
1202, 7369.025 
3529, 7773.818 
4363, 7918.9 
4492, 7941.323 
6127, 8225.738 
6330.5, 8261.146 
7531.5, 8470.057
8158, 8579.034 
8721, 8676.978 
9562, 8823.266 
10564.5, 8997.648
---------------------------------
092311_Gaia19eql   =  ASASSN-18ea     
N = 9
0, 7367.009 
315, 7544.487 
527, 7663.919 
676, 7747.877 
704, 7763.634 
835, 7837.454 
851, 7846.459 
1191, 8038.018
2260, 8640.207 
-------------------------------------
093707_Gaia21bpp
N = 11 
0, 7503.554 
67, 7625.751 
99,  7684.379 
120,   7722.659 
151,    7779.134 
170,    7813.926 
 754,    8879.884 
 870,   9091.817 
 1077,  9469.607 
 1087,  9487.932 
 1315,  9904.102
094551_Gaia20air    =    NSV 4618     
N = 8   

-----------------------------------
101750_Gaia20anw 
N = 6
0, 7129.5092
7385, 7745.1462
8246, 7816.9228
14301, 8321.6894
17639, 8599.9535
28992, 9546.3746
----------------------------------
102416_Gaia20dau   =   ASASSN-19gm
N = 8
0, 7344.2778
1354, 7669.1912
1791, 7774.0566
2504, 7945.1492
4256, 8365.5654
5705, 8713.2773
6580, 8923.2415
8878, 9474.6755
------------------------------------
104926_Gaia20ezk = ASASSN-15aa
N = 12
 0, 7109.977
2750.5, 8142.905
3487, 8419.488 
3515, 8429.993 
3746.5,  8516.953
3954.5, 8595.046 
4449.5,  8780.931 
4475.5, 8790.689
5899,    9325.294 
5899.5, 9325.47
5927,  9335.8 
5927.5, 9335.976
----------------------------------
105751_Gaia20bhb 
N = 16
0,  7129.431 
404, 7292.912 
935.5, 7507.98 
1518.5, 7743.898 
2530.5, 8153.408
1938, 7913.659 
2633, 8194.892 
2684.5, 8215.724 
2950.5, 8323.365 
3625.5, 8596.524 
3626, 8596.7 
3846, 8685.74 
3921.5, 8716.287 
4038, 8763.436 
4088.5, 8783.882 
4568.5, 8978.114
-------------------------------
105924_Gaia19eux
N = 10
0, 7402.579 
465.5, 7530.801 
2335.5, 8045.803 
3344.5, 8323.684 
3552,   8380.825 
4658.5, 8685.559 
5787, 8996.379 
6208, 9112.324 
7150, 9371.75 
7512, 9471.437
------------------------------------
112359_Gaia18dge
N = 14
0,       7509.804 
800,    7742.897 
915,   7776.373 
1385,  7913.338 
2414,   8213.148 
3499,   8529.278 
4711,   8882.377 
4887,   8933.667 
5043,   8979.117 
5646,   9154.834
5911,   9232.035 
6177,   9309.514 
6507,   9405.67 
6599,   9432.486
----------------------------------
114134_Gaia20edu   
N = 7
0, 6973.3123
4004, 7511.5542
8770, 8152.2269
17394, 9311.5143
17474, 9322.2706
18686, 9485.1913
19814, 9636.8245
-----------------------------------
115207_Gaia22ajs  = ZTF18aabefyl    
N = 12 
0, 4879.5387                                         
1, 4879.6065
1706, 4995.1195
4798, 5204.6013
39831, 7578.0769
43152, 7803.0737
45426, 7957.135
51984, 8401.438
55225,  8621.015
56223,  8688.63
57666,  8786.392
63069,  9152.444
---------------------------------------
130135_Gaia19akh
N =  17  
-437.5, 6894.231
0, 7064.986 
926, 7426.451 
955, 7437.781 
1675.5, 7719.035
1711, 7732.865 
2196.5, 7922.373
2632, 8092.387 
3172, 8303.162 
5104, 9057.297
6552, 9622.473
6907.5, 9761.261
6998, 9796.561
7037.5, 9811.991
7506.5, 9995.091
7507, 9995.267
8350, 10324.332   
--------------------------------
131118_Gaia19aee
N = 9   
0, 7025.768 
2337, 7807.906 
2407,   7831.335 
4649,    8581.683
4648.5,  8581.506 
4650,     8582.007 
4650.5   8582.183 
5047,     8714.874 
5674,     8924.722
--------------------------------
132536_Gaia21czo     
N = 3  
0, 5252.8343 
34974, 7434.6861 
67171, 9443.2894
---------------------------------
135549_Gaia18boh    
N = 8 
0,   7200.669 
918,   7731.57 
1302,   7953.647 
1704.5,   8186.446 
1861.5,   8277.21 
2209,      8478.207
2296,      8528.51 
3503,      9226.533 
-------------------------------
141830_Gaia19fnf
N = 13  
0, 7354.795 
204, 7405.494 
881, 7573.779 
1119, 7632.937 
2796, 8049.743 
3021, 8105.68 
3341, 8185.207 
3736, 8283.376 
4316, 8427.531 
4531, 8480.97 
6560, 8985.284 
7260, 9159.279 
7474, 9212.469
----------------------------------
141954_Gaia22ace 
N = 7
0,    7046.764 
403,   7201.492 
2364,   7954.396 
2758,    8105.667 
3484.5,    8384.595
3998,     8581.749
7127.5,   9783.303
-------------------------------
150618_Gaia19aag   
N = 14   
0, 6982.261 
459.5,  7311.687 
524.5,  7358.297
525, 7358.621 
528, 7360.799 
745.5,  7516.713
1190, 7835.4 
1260, 7885.565 
1795, 8269.118 
1959, 8386.662 
2019.5, 8430.034 
2206, 8563.747 
2345,  8663.426
3343.5, 9379.242
-------------------------------------
155022_Gaia21bwq  = ASASSN-21fs  
N = 15
-1011.5,  7635.692
0,    8012.045 
266,   8111.004 
272.5,      8113.432
1129,  8432.112 
1269,   8484.217 
1478.5,    8562.17 
2502.5,    8943.162
3101,   9165.862 
3103,   9166.612 
3260.5,    9225.22
3927,   9473.211 
4525,    9695.72 
4851,    9817.029 
5247     9964.371 	
----------------------------------
162716_Gaia19cwm = ASASSN-19qy
N = 6 
0, 8900.7901
2254, 9035.7851
2282, 9037.4622
3434, 9106.4596
11437, 9585.7795
14886, 9792.348
-----------------------------------------------------
162954_Gaia18bgv   
N = 10  
-227.5, 7461.718
0, 7521.032 
201,  7573.447 
1451,  7899.316 
3100.5,  8329.352 
3474.5,   8426.863 
3742.5,   8496.73 
4827,  8779.479 
6281,  9158.537 
7354.5,  9438.399
------------------------------------
171859_Gaia21cst 
N = 19   
0, 6978.768 
59, 6990.772      
525, 7085.743 
1154, 7213.903 
3029, 7596.025 
3030, 7596.201 
3392,7669.981 
3702, 7733.168 
3703, 7733.344 
4400, 7875.38 
4514, 7898.637 
6769, 8358.171 
6920, 8388.907 
8240, 8657.914 
9061, 8825.232 
10697, 9158.614
10981, 9216.476 
12074, 9439.222 
12611, 9548.656
------------------------------------
175758_Gaia21apv
N = 6  
0, 7476.9629
12559, 8544.6163
20064, 9182.6209
24559, 9564.7459
24564, 9565.1722
27741, 9835.2537
---------------------------------------
182346_Gaia22dum  =  ZTF18abstqob   
N = 6   
0,   8070.545 
4752,   8925.92 
4913,     8954.899 
5892,     9131.115 
8840,    9661.759
9930,    9857.965
---------------------------------------
184253_Gaia19bwi   
N = 7   
0,       7651.294 
168,    7703.026 
575.5, 7828.521
743.5, 7880.259
1333,  8061.801 
1796,  8204.395 
5391.5, 9311.694  
-----------------------------------
185050_Gaia21anl   =   ASASSN-15ea   
N = 20 
-296.5,  7224.069 
0,           7376.407 
663,       7717.046 
788,       7781.279 
1282.5,       8035.348 
1789,          8295.55 
1823,          8313.052 
2016,          8412.218 
2443,          8631.565 
2572,          8697.864 
2694.5,       8760.785 
2988,          8911.609 
3100,          8969.141 
3502.5,       9175.951 
 3556.5,      9203.697 
3754,          9305.164 
3948,          9404.839 
4173.5,       9520.689 
4794.5,        9839.762 
5029,          9960.218
------------------------------------
185249_Gaia21buy   =  ASASSN-21dr  
N = 15  
0 ,   8023.561 
17,  8057.36 
93,  8208.158 
112, 8246.064 
117, 8255.893 
170, 8361.21 
257.5,    8534.97
265, 8549.902 
376.5,    8771.181 
443.5,    8904.32
453, 8923.169 
721, 9455.424 
731, 9475.175 
814, 9640.015 
-----------------------------------
185333_Gaia17aqz        
N = 17
0, 7384.652 
252, 7475.144 
1085, 7774.209 
1377, 7879.063 
1502, 7923.939 
2365, 8233.784 
2557, 8302.728 
2560, 8303.803 
2564, 8305.229 
2951, 8444.189 
3221, 8541.117 
3320, 8576.676 
4308, 8931.401 
4522, 9008.22 
4564, 9023.306 
5260, 9273.19 
5644, 9411.087
-----------------------------------------
185651_Gaia20fjv = NSV 11599
N = 10   
0, 7343.252
2144, 8263.9324
2412, 8379.005
2636, 8475.196
2785, 8539.170
3002, 8632.379
3375, 8792.532
3655, 8912.778
3711, 8936.816
4340, 9206.945
---------------------------------------
190042_Gaia20dxs
N = 6
0, 8257.396
775, 8399.1066
1020, 8443.9023
3538, 8904.3224
3637, 8922.4187
6552, 9455.4217
--------------------------------------------
190628_Gaia22beu
N = 13   
0, 7455.24 
96, 7480.414 
198, 7507.158 
853, 7678.953 
2372, 8077.375 
3760, 8441.414 
3761, 8441.664 
4452, 8622.919 
4474, 8628.673 
5010, 8769.265 
5180, 8813.848 
7261, 9359.671 
9266, 9885.535
---------------------------------------
190759_Gaia20dbv   =   KIC 4450058   
N = 15
0, 7022.857 
170, 7092.089 
637.5, 7282.451
866, 7375.478 
2557.5, 8064.159   
2630.5, 8093.898  
2884, 8197.116 
4182, 8725.651 
4505, 8857.163 
4542.5, 8872.431 
4693.5, 8933.893 
5070, 9087.176
5209.5, 9143.965 
5285.5, 9174.95 
5892.5, 9422.094
----------------------------------------------
191712_Gaia20dzz   =   ASASSN-20kh   
N = 18   
0, 8076.62 
1073, 8360.144 
1065.5, 8358.143 
1409, 8448.914 
2072, 8624.1 
2779.5, 8811.018 
2780.5, 8811.268 
2781.5, 8811.518 
2794, 8814.844 
4000.5, 9133.611 
4174.5, 9179.588 
4175.5, 9179.838 
4508, 9267.712 
4509, 9267.962 
4844.5, 9356.6 
4848.5, 9357.674 
4849.5, 9357.925 
4850.5, 9358.175
-------------------------------
192254_Gaia19fgn 
N = 11
0, 7457.996 
106, 7509.414 
1170, 8025.812
2406, 8625.678 
2414, 8629.607 
2627.5, 8733.192 
3750.5, 9278.221 
4123, 9459.002
4498.5, 9641.259 
4602, 9691.5 
4893.5, 9832.972
----------------------------------
192748_Gaia19asr  =  KIC 8625249     
N = 5
0, 6206.0845
7471, 7441.1347 
8798, 7660.4974 
11649, 8131.8042 
12638, 8295.3047 
----------------------------------
192830_Gaia19efo  =  ASASSN19xi
N = 12     
0, 7112.911
816, 7316.684
1520, 7492.454
2322, 7692.728
2485, 7733.424
2700, 7787.115
3448, 7973.876
3449, 7974.126
4034, 8120.200
4976, 8355.422
6918, 8840.325
6919, 8840.575
-------------------------------
193724_Gaia20fii
N = 7 
0, 7076.598
18, 7093.106
58, 7129.84
1325, 8293.8196
1395, 8358.164
1508, 8461.86
1788, 8719.132
------------------------------------
193852_Gaia20col
N =  13
-674.5, 7238.828
0, 7504.377 
1607, 8137.124 
1767.5, 8200.294
2571, 8516.674
2571.5, 8516.85 
2724.5, 8577.092
3095, 8722.968 
3095.5, 8723.144 
3469.5, 8870.423 
4064.5, 9104.675 
4865, 9419.849
5263.5, 9576.737
--------------------------------
201101_Gaia20akg
N = 12 
0, 7469.642
375, 7608.866 
811, 7770.768 
3327, 8704.882 
4369, 9091.747 
4657, 9198.684 
4797, 9250.67 
4830, 9262.927 
5671, 9575.158 
5816, 9628.97 
6065, 9721.444 
6264, 9795.318
----------------------------------------------
201359_Gaia18dvx
N = 13
0, 7339.915 
83.5, 7371.722 
151, 7397.396 
583.5, 7562.172 
899, 7682.313 
988.5, 7716.461 
1143, 7775.269 
3509, 8676.527 
4136.5, 8915.541 
4359, 9000.278 
4436, 9029.572 
4597, 9090.928 
5322, 9367.069
---------------------------------------
201423_Gaia20com   =   ASASSN-15pb    
N = 9
0, 7312.349
3823,  7668.9941 
13156, 8539.6769 
13722,  8592.4786 
16142,  8818.2383 
22852,  9444.2178 
25254,  9668.292 
26156,   9752.4433 
28586,   9979.1374
---------------------------------
201934_Gaia22chc   =   ZTF18achegif   
N = 10  
0, 7374.45 
1, 7375.201 
1.5, 7375.627
4, 7377.628 
230, 7558.692 
886.5,  8084.802 
1742.5,  8770.784 
2049.5,  9016.745 
2621,   9474.702
3096.5,  9855.815
------------------------------------
202211_Gaia16bxp
N = 10 
0, 8515.343 
728, 8716.718 
1107, 8821.559 
1250.5, 8861.233 
1750.5, 8999.531 
2084.5, 9091.926 
2474, 9199.683 
3275.5,  9421.356 
3740.5,  9549.986 
4356.5,  9720.37
------------------------------------
202542_Gaia18buk
N = 16
0, 7768.941 
1, 7769.265 
717.5, 7987.89 
721, 7988.965 
724, 7989.891 
1230, 8144.297 
1232.5, 8145.047 
1609.5, 8260.105 
1968, 8369.504 
3369, 8797.017 
3761, 8916.622 
3799.5, 8928.384 
4118, 9025.571 
4366, 9101.252 
4339.5, 9093.174 
5055.5, 9311.664
-------------------------------
204256_Gaia23bdv  = ZTF19acxzdwq      
N = 15
0, 7370.129 
465, 7460.22 
505,  7467.976 
506,  7468.152 
910,  7546.436 
990,  7561.941 
991,  7562.117 
2874,  7926.96 
4324,  8207.873 
5640,  8462.85 
7378,  8799.586 
10191,  9344.59 
12828,   9855.498 
13285,   9944.018 
14192,   10119.751
---------------------------------
204359_Gaia16aik   =   AT 2016dvk    
N = 5
0, 8128.7944
1140, 8297.0643
3234, 8606.1498
6111, 9030.8273
10261, 9643.3928
-----------------------------------
205258_Gaia18dlr
N = 7   
-1689.5, 7440.623
0, 7776.689 
1765, 8127.796 
2611, 8296.065 
4019, 8576.15 
7352, 9239.164 
7843, 9336.823 
------------------------------------------
205350_Gaia20cmj
N = 13
0, 7063.649 
3455, 7717.531 
3621, 7748.941 
4010, 7822.555 
5751, 8152.045
7432, 8470.182
8994, 8765.802 
9571, 8874.994 
10390, 9030.004 
12476, 9424.785 
12995, 9523.0015
13131, 9548.7415
14781, 9861.0148  
----------------------------------
210316_Gaia22btj
N = 26   
-226.5,  7078.081 
0,  7449.701 
8,  7462.885 
98, 7610.552 
101.5,    7616.305
196,  7771.261 
230,  7827.059 
241.5,     7845.992
287,  7920.528 
328,  7987.897 
391.5,   8092.131
474,  8227.363 
561,    8370.187
647.5,   8512.159
648,   8512.836 
761,   8698.209 
769,   8711.395 
1007,   9101.936 
1034,  9146.129 
1094,  9244.659 
1232,  9471.043 
1296,   9576.151 
1328,   9628.638 
1328.5,   9629.388 
1333,   9636.717 
1525.5,  9952.699
---------------------------------------------
211548_Gaia21cuu
N = 18
-2294.5, 7279.394 
0,   7482.765 
391, 7517.421 
2467, 7701.42 
4634.5,   7893.528
6389, 8049.038 
8573.5,    8242.654
10674, 8428.826 
12867, 8623.196
14625, 8779.016 
18930, 9160.574 
21125, 9355.121 
23213, 9540.186 
24568, 9660.284 
25576.5,   9749.672 
26550, 9835.954 
26556.5,   9836.528 
26635.5,   9843.532
-------------------------------
212820_Gaia17bms
N = 7
0, 306.040
433, 368.661
900, 436.194
3049, 746.952
9526, 1683.586
10721, 1856.396
11544, 1975.403
--------------------------------------------
213805_Gaia22dfe    =    ASASSN-13cl    
N = 16   
0, 6551.8052
3668.5, 7293.4494 
3680, 7295.7747
3682.5,  7296.275 
6364.5,  7838.4907 
9475.5,  8467.4224 
9700.5,  8512.903 
12835.5, 9146.6974 
12934.5 , 9166.6955 
14153, 9413.0398 
14809, 9545.6599
15533.5,  9692.1335 
15810.5,  9748.1239 
16314.5, 9850.0083 
17551, 10099.9964
18162.5, 10223.6196
----------------------------------------
213806_Gaia22eer   =  MGAB-V1017  
N = 11   
-727.5,  7616.634 
0,          7830.482 
36,        7841.063 
1008,    8126.784 
3718,    8923.368 
3722,    8924.545 
3726.5,  8925.87 
4798,     9240.829 
5048,     9314.33 
6867,     9849.011 
7220,     9952.769
---------------------------------------
214058_Gaia21apu
N = 5
0, 7836.4879
3749, 8584.0832
4803, 8794.2582
4960, 8825.5625
10124, 9855.3367
----------------------------------------------
215501_Gaia20eja   =  MGAB-V229    
N = 3
0, 7023.1622
2190, 7344.737
4751, 7720.7808   
-----------------------------------------
220033_Gaia23bbd    =   ZTF19aassvxn   
N = 19  
0, 6867.063 
360, 7060.564 
2519.5, 8221.358 
2790.5, 8367.019 
2797.5, 8370.771 
3047.5, 8505.153
3086, 8525.834
3709, 8860.719 
3825.5, 8923.363
3826, 8923.614 
3833, 8927.366 
4246, 9149.38 
4447, 9257.407 
4593, 9335.905 
4763, 9427.293 
5688, 9924.458 
5835.5, 10003.751 
6140.5, 10167.693 
6160, 10178.198
-------------------------------
221213_Gaia21azp
N = 7
0, 6989.876 
365, 7532.597 
365, 7532.671 
896, 8322.235 
896, 8322.309 
1414, 9092.449
1414, 9092.523
------------------------------
225551_Gaia18cuv   =  ASASSN-18wn   
N = 20
0, 7213.39 
187, 7256.124 
610, 7352.815 
692, 7371.564 
866, 7411.333 
940, 7428.26 
1979, 7665.731 
2262, 7730.428 
2592, 7805.858 
2882, 7872.137 
3984, 8124.026 
4864, 8325.163
5391, 8445.615 
5631, 8500.492 
6619, 8726.315
6719, 8749.171 
7315, 8885.406 
7830, 9003.115 
8189, 9085.161 
9532, 9392.152
-----------------------------------













































